filters = {
    ' ': np.array([[0, 0, 0, 0, 0],
                   [0, 0, 0, 0, 0],
                   [0, 0, 0, 0, 0],
                   [0, 0, 0, 0, 0],
                   [0, 0, 0, 0, 0]]),

    '|': np.array([[-1, 0, 2, 0, -10],
                   [-1, 0, 2, 0, -1],
                   [-1, 0, 2, 0, -1],
                   [-1, 0, 2, 0, -1],
                   [-1, 0, 2, 0, -1]]),

    '-': np.array([[-1, 0, 1, 0, -1],
                   [3, 3, 3, 3, 3],
                   [-2, -2, -2, -2, -2],
                   [0, 0, 0, 0, 0],
                   [0, 0, 0, 0, 0]]),

    '"': np.array([[3, 3, 3, 3, 3],
                   [-2, -2, -2, -2, -2],
                   [-2, -2, -2, -2, -2],
                   [0, 0, 0, 0, 0],
                   [0, 0, 0, 0, 0]]),

    '_': np.array([[-2, -2, -2, -2, -2],
                   [-2, -2, -2, -2, -2],
                   [3, 3, 3, 3, 3],
                   [0, 0, 0, 0, 0],
                   [0, 0, 0, 0, 0]]),

    '/': np.array([[-2, -2, 3, -2, -2],
                   [-2, 3, -2, 3, -2],
                   [3, -2, -2, -2, 3],
                   [0, 0, 0, 0, 0],
                   [0, 0, 0, 0, 0]]),

    '\\': np.array([[3, -2, -2, -2, 3],
                    [-2, 3, -2, 3, -2],
                    [-2, -2, 3, -2, -2],
                    [0, 0, 0, 0, 0],
                    [0, 0, 0, 0, 0]]),

    '^': np.array([[-2, 3, -2, 3, -2],
                   [3, -2, 3, -2, 3],
                   [-2, 3, -2, 3, -2],
                   [0, 0, 0, 0, 0],
                   [0, 0, 0, 0, 0]]),

    '>': np.array([[-2, 3, -2, 3, -2],
                   [-2, -2, 3, -2, -2],
                   [-2, 3, -2, 3, -2],
                   [0, 0, 0, 0, 0],
                   [0, 0, 0, 0, 0]]),

    '<': np.array([[-2, 3, -2, 3, -2],
                   [3, -2, -2, -2, 3],
                   [-2, 3, -2, 3, -2],
                   [0, 0, 0, 0, 0],
                   [0, 0, 0, 0, 0]]),

    '+': np.array([[-2.5, 2, -2.5, 2, -2.5],
                   [2, 2, 2, 2, 2],
                   [-2.5, 2, -2.5, 2, -2.5],
                   [0, 0, 0, 0, 0],
                   [0, 0, 0, 0, 0]]),

    'X': np.array([[2, -2.5, 2, -2.5, 2],
                   [-2.5, 2, -2.5, 2, -2.5],
                   [2, -2.5, 2, -2.5, 2],
                   [0, 0, 0, 0, 0],
                   [0, 0, 0, 0, 0]]),

    'o': np.array([[-2, 2.5, -2, 2.5, -2],
                   [2.5, -2, 2.5, -2, 2.5],
                   [-2, 2.5, -2, 2.5, -2],
                   [0, 0, 0, 0, 0],
                   [0, 0, 0, 0, 0]]),

    'O': np.array([[2, 2, 2, 2, 2],
                   [2, -16, 2, 2, 2],
                   [2, 2, 2, 2, 2],
                   [0, 0, 0, 0, 0],
                   [0, 0, 0, 0, 0]]),

    'L': np.array([[2, -2.5, -2.5, -2.5, -2.5],
                   [2, -2.5, -2.5, -2.5, -2.5],
                   [2, 2, 2, 2, 2],
                   [0, 0, 0, 0, 0],
                   [0, 0, 0, 0, 0]]),

    'J': np.array([[-2.5, -2.5, 2, -2.5, -2.5],
                   [-2.5, -2.5, 2, -2.5, -2.5],
                   [2, 2, 2, 2, 2],
                   [0, 0, 0, 0, 0],
                   [0, 0, 0, 0, 0]]),

    T: np.array([[2, 2, 2, 2, 2],
                 [-2.5, 2, -2.5, 2, -2.5],
                 [-2.5, 2, -2.5, 2, -2.5],
                 [0, 0, 0, 0, 0],
                 [0, 0, 0, 0, 0]]),

    'U': np.array([[2, -7, 2, -7, 2],
                   [2, -7, 2, -7, 2],
                   [2, 2, 2, 2, 2],
                   [0, 0, 0, 0, 0],
                   [0, 0, 0, 0, 0]]),

    '7': np.array([[2, 2, 2, 2, 2],
                   [-2.5, -2.5, -2.5, 2, 2],
                   [-2.5, -2.5, -2.5, 2, 2],
                   [0, 0, 0, 0, 0],
                   [0, 0, 0, 0, 0]]),

    'Z': np.array([[2, 2, -2.5, -2.5, -2.5],
                   [-2.5, 2, -2.5, 2, 2],
                   [-2.5, 2, 2, 2, 2],
                   [0, 0, 0, 0, 0],
                   [0, 0, 0, 0, 0]]),

    'S': np.array([[-2.5, 2, 2, 2, -2.5],
                   [-2.5, 2, -2.5, 2, 2],
                   [2, 2, 2, -2.5, -2.5],
                   [0, 0, 0, 0, 0],
                   [0, 0, 0, 0, 0]]),

    'V': np.array([[2, -2.5, 2, -2.5, 2],
                   [2, -2.5, 2, -2.5, 2],
                   [-2.5, 2, 2, 2, -2.5],
                   [0, 0, 0, 0, 0],
                   [0, 0, 0, 0, 0]]),

    'A': np.array([[-4, 2, -4, 2, -4],
                   [2, -4, 2, -4, 2],
                   [2, 2, 2, 2, 2],
                   [0, 0, 0, 0, 0],
                   [0, 0, 0, 0, 0]]),

    'H': np.array([[2, -7, 2, 2, 2],
                   [2, 2, 2, 2, 2],
                   [2, -7, 2, 2, 2],
                   [0, 0, 0, 0, 0],
                   [0, 0, 0, 0, 0]]),

    'K': np.array([[2, -4, 2, -4, 2],
                   [2, 2, -4, 2, -4],
                   [2, -4, 2, -4, 2],
                   [0, 0, 0, 0, 0],
                   [0, 0, 0, 0, 0]]),

    'C': np.array([[2, 2, -2.5, -2.5, -2.5],
                   [2, -2.5, -2.5, -2.5, -2.5],
                   [2, 2, 2, 2, -2.5],
                   [0, 0, 0, 0, 0],
                   [0, 0, 0, 0, 0]]),

    'Y': np.array([[2.5, -2, 2.5, -2, 2.5],
                   [-2, 2.5, -2, 2.5, -2],
                   [-2, 2.5, -2, 2.5, -2],
                   [0, 0, 0, 0, 0],
                   [0, 0, 0, 0, 0]])
}
